
|N   |clock_time|AVERAGE_OB    |MAX_OB  |MIN_OB  |
__________________________________________________
|1000|0.011776  |248793.800000 |264587  |235395  |
|1002|0.011473  |249917.100000 |255825  |240946  |
|1004|0.011498  |251868.200000 |261974  |244402  |
|1006|0.011581  |255546.000000 |262062  |246220  |
|1008|0.011439  |256560.800000 |263370  |250992  |
|1010|0.011508  |256248.800000 |264070  |248302  |
|1012|0.011598  |254697.600000 |260359  |248067  |
|1014|0.011726  |257012.700000 |264754  |247108  |
|1016|0.011973  |261647.300000 |274172  |255854  |
|1018|0.011877  |258533.100000 |265057  |252046  |
|1020|0.012070  |261524.100000 |270775  |251284  |
|1022|0.011603  |260567.500000 |266022  |255009  |
|1024|0.011877  |260975.600000 |271059  |253424  |
|1026|0.012044  |264125.100000 |272506  |258789  |
|1028|0.012147  |266014.800000 |272909  |252351  |
|1030|0.012028  |266928.200000 |277205  |254627  |
|1032|0.012053  |268570.200000 |277827  |255949  |
|1034|0.012183  |267570.000000 |274797  |261915  |
|1036|0.012281  |270304.900000 |278687  |261234  |
|1038|0.012033  |268795.800000 |273593  |264058  |
|1040|0.012296  |269814.900000 |276433  |258656  |
|1042|0.012446  |273419.000000 |278373  |267472  |
|1044|0.012347  |276420.600000 |288712  |266591  |
|1046|0.012612  |275884.100000 |282294  |262226  |
|1048|0.012667  |273957.500000 |282269  |266448  |
|1050|0.014474  |277690.100000 |286753  |262876  |
|1052|0.014034  |276919.400000 |285737  |264818  |
|1054|0.012620  |277644.900000 |284906  |272300  |
|1056|0.012384  |277692.700000 |285614  |274395  |
|1058|0.014856  |282722.300000 |293047  |273191  |
|1060|0.013148  |284040.900000 |288971  |279348  |
|1062|0.012694  |280821.500000 |288804  |275713  |
|1064|0.012869  |282154.100000 |289060  |268441  |
|1066|0.015713  |286486.300000 |293991  |277531  |
|1068|0.014468  |288236.700000 |299229  |274443  |
|1070|0.013311  |291715.100000 |299515  |283883  |
|1072|0.013026  |290332.700000 |305510  |280379  |
|1074|0.013261  |288419.500000 |302372  |277564  |
|1076|0.012943  |288151.300000 |293903  |281873  |
|1078|0.013278  |289412.200000 |300787  |272826  |
|1080|0.013118  |293221.300000 |298812  |285831  |
|1082|0.013611  |293323.600000 |300405  |282402  |
|1084|0.013322  |292283.200000 |298108  |289389  |
|1086|0.013277  |294563.300000 |303992  |281296  |
|1088|0.013342  |293582.700000 |301918  |286108  |
|1090|0.013672  |299598.800000 |309323  |292581  |
|1092|0.013621  |300907.500000 |311382  |291149  |
|1094|0.013241  |299752.500000 |310801  |287535  |
|1096|0.013795  |300550.900000 |308404  |292101  |
|1098|0.013611  |305053.600000 |311377  |299008  |
|1100|0.013806  |303237.900000 |315298  |288109  |
|1102|0.013494  |302320.900000 |314285  |290418  |
|1104|0.013976  |305372.800000 |315581  |295489  |
|1106|0.013637  |308042.600000 |315415  |295799  |
|1108|0.013774  |306346.000000 |315354  |302369  |
|1110|0.014060  |308074.800000 |321352  |298597  |
|1112|0.013690  |309400.500000 |316965  |297968  |
|1114|0.014188  |310713.000000 |319180  |301791  |
|1116|0.013816  |307958.000000 |321395  |292270  |
|1118|0.014301  |312390.300000 |316500  |303103  |
|1120|0.014624  |317470.800000 |323706  |309152  |
|1122|0.014311  |316477.400000 |323046  |306307  |
|1124|0.014272  |318125.100000 |326819  |308628  |
|1126|0.014587  |319840.700000 |330047  |307373  |
|1128|0.014243  |318636.600000 |331576  |309341  |
|1130|0.014768  |322578.900000 |335170  |309946  |
|1132|0.014461  |322588.700000 |335842  |316255  |
|1134|0.014676  |322863.000000 |330466  |315539  |
|1136|0.014447  |324068.300000 |332475  |316642  |
|1138|0.014892  |327128.600000 |339797  |317252  |
|1140|0.014794  |325848.100000 |335164  |317835  |
|1142|0.014797  |328276.400000 |344130  |318483  |
|1144|0.015290  |329103.600000 |338840  |323159  |
|1146|0.014970  |326840.300000 |342130  |312468  |
|1148|0.014864  |331207.900000 |341023  |316030  |
|1150|0.014739  |329875.300000 |342240  |312218  |
|1152|0.014806  |330786.000000 |336982  |317856  |
|1154|0.014904  |333857.300000 |343359  |326630  |
|1156|0.015155  |335121.500000 |340235  |329046  |
|1158|0.014984  |334958.200000 |344869  |321912  |
|1160|0.015227  |337738.800000 |350692  |323352  |
|1162|0.015188  |340438.900000 |355274  |331109  |
|1164|0.015250  |337546.800000 |345892  |326324  |
|1166|0.015331  |340384.300000 |349493  |326870  |
|1168|0.015618  |346438.300000 |357315  |338376  |
|1170|0.015410  |341587.700000 |351550  |326348  |
|1172|0.015423  |342093.900000 |352169  |327220  |
|1174|0.015330  |344749.100000 |355472  |334596  |
|1176|0.015824  |348680.700000 |359901  |335267  |
|1178|0.015397  |344495.700000 |358028  |332741  |
|1180|0.015572  |345758.200000 |357953  |334359  |
|1182|0.015548  |350086.000000 |363138  |338387  |
|1184|0.015548  |349230.800000 |358407  |339671  |
|1186|0.015866  |349761.900000 |358921  |343237  |
|1188|0.015677  |353507.700000 |361973  |343614  |
|1190|0.015783  |351743.500000 |362147  |339676  |
|1192|0.015860  |354667.100000 |360161  |346690  |
|1194|0.016596  |359092.100000 |363647  |351580  |
|1196|0.016102  |358688.700000 |367693  |349088  |
|1198|0.016516  |362147.200000 |376309  |350088  |
|1200|0.015918  |358909.700000 |367281  |352598  |
|1202|0.017239  |365594.400000 |377293  |351000  |
|1204|0.016485  |365219.700000 |373010  |356487  |
|1206|0.016052  |361666.200000 |373199  |349813  |
|1208|0.016425  |364499.200000 |371216  |355717  |
|1210|0.016257  |366124.600000 |377937  |359741  |
|1212|0.016490  |367177.700000 |372053  |353828  |
|1214|0.016482  |369743.800000 |377213  |362048  |
|1216|0.016614  |369266.500000 |378687  |356871  |
|1218|0.016516  |372834.000000 |381807  |365934  |
|1220|0.016573  |371332.700000 |379149  |358922  |
|1222|0.016893  |373109.000000 |381953  |360764  |
|1224|0.016585  |373012.700000 |385708  |360220  |
|1226|0.017152  |376384.300000 |386482  |358829  |
|1228|0.016782  |376575.200000 |385265  |368187  |
|1230|0.017174  |378593.300000 |397057  |363836  |
|1232|0.017026  |383900.100000 |405952  |375920  |
|1234|0.017325  |383496.800000 |387867  |377090  |
|1236|0.019673  |381946.800000 |389279  |371116  |
|1238|0.017073  |384912.400000 |400340  |375561  |
|1240|0.017690  |385140.400000 |400100  |371918  |
|1242|0.017424  |386815.600000 |401930  |368622  |
|1244|0.017945  |391500.400000 |401132  |380963  |
|1246|0.017358  |390043.800000 |406244  |371449  |
|1248|0.017643  |385266.600000 |393927  |368033  |
|1250|0.017420  |390037.400000 |395175  |381399  |
|1252|0.017505  |389732.100000 |397937  |375774  |
|1254|0.017858  |394757.200000 |410422  |380592  |
|1256|0.017645  |394803.000000 |399687  |387814  |
|1258|0.017954  |394379.700000 |406696  |385023  |
|1260|0.017586  |396346.900000 |416528  |384359  |
|1262|0.018141  |397052.700000 |407250  |386667  |
|1264|0.018136  |403361.900000 |410558  |396631  |
|1266|0.018085  |402374.700000 |416503  |395702  |
|1268|0.018256  |405884.500000 |417126  |376318  |
|1270|0.018231  |404779.200000 |415647  |389781  |
|1272|0.018336  |405815.100000 |411050  |399794  |
|1274|0.018247  |408236.200000 |413997  |395933  |
|1276|0.018435  |410198.100000 |428713  |396085  |
|1278|0.018370  |410351.700000 |424377  |394864  |
|1280|0.018411  |411259.700000 |430797  |402095  |
|1282|0.018616  |412440.000000 |431558  |388028  |
|1284|0.018191  |409869.100000 |424804  |394511  |
|1286|0.018794  |413811.400000 |421860  |402569  |
|1288|0.018981  |415996.700000 |425653  |402995  |
|1290|0.018524  |414117.500000 |427212  |398743  |
|1292|0.018938  |421902.400000 |440181  |405617  |
|1294|0.018674  |418274.500000 |425881  |405053  |
|1296|0.019036  |422222.200000 |433171  |404448  |
|1298|0.019130  |425271.000000 |433297  |418162  |
|1300|0.019204  |422963.400000 |436251  |411811  |
|1302|0.018873  |428045.900000 |435024  |415262  |
|1304|0.019424  |430407.300000 |438556  |424063  |
|1306|0.019096  |427487.300000 |443684  |416664  |
|1308|0.019280  |428815.200000 |441688  |415251  |
|1310|0.019458  |429769.800000 |441308  |409608  |
|1312|0.019264  |428749.300000 |441137  |412247  |
|1314|0.019235  |428136.700000 |438210  |409964  |
|1316|0.019339  |432889.100000 |442084  |422180  |
|1318|0.019607  |437460.400000 |455834  |427992  |
|1320|0.019663  |438036.300000 |458081  |423047  |
|1322|0.019565  |438586.300000 |444836  |423660  |
|1324|0.019848  |439077.300000 |449611  |431173  |
|1326|0.019488  |439043.900000 |448142  |429051  |
|1328|0.019920  |443157.300000 |457380  |430468  |
|1330|0.019968  |442573.500000 |459445  |433838  |
|1332|0.019723  |444761.700000 |469105  |435466  |
|1334|0.020172  |446787.200000 |456870  |426583  |
|1336|0.019681  |444401.100000 |456302  |437601  |
|1338|0.019823  |445587.700000 |460364  |432316  |
|1340|0.020556  |452200.100000 |466298  |439007  |
|1342|0.019910  |448786.100000 |458215  |432518  |
|1344|0.020636  |454571.500000 |466274  |446095  |
|1346|0.020231  |452999.500000 |459062  |439075  |
|1348|0.024920  |459875.800000 |475851  |440973  |
|1350|0.020070  |446704.400000 |470046  |434604  |
|1352|0.021421  |454331.100000 |466925  |443129  |
|1354|0.021146  |461485.500000 |475184  |447576  |
|1356|0.020683  |460789.000000 |467537  |448759  |
|1358|0.025088  |459168.100000 |475419  |448052  |
|1360|0.020422  |458553.400000 |475241  |444614  |
|1362|0.020817  |464456.900000 |475326  |453366  |
|1364|0.020907  |463811.900000 |478195  |439637  |
|1366|0.020984  |469600.800000 |476004  |458870  |
|1368|0.021469  |471180.900000 |477608  |465620  |
|1370|0.020917  |466417.400000 |476704  |458484  |
|1372|0.021331  |475624.600000 |485946  |464027  |
|1374|0.021139  |472440.200000 |481634  |454472  |
|1376|0.021280  |475398.000000 |488905  |463943  |
|1378|0.021733  |483714.700000 |495465  |472571  |
|1380|0.021205  |475434.200000 |488898  |464071  |
|1382|0.021495  |484640.300000 |495461  |477464  |
|1384|0.021757  |484105.100000 |494457  |470414  |
|1386|0.021434  |479513.200000 |487832  |466528  |
|1388|0.022116  |486265.800000 |497661  |470045  |
|1390|0.021920  |490257.400000 |500935  |478668  |
|1392|0.021972  |487272.700000 |502341  |467150  |
|1394|0.022097  |493892.900000 |513209  |480723  |
|1396|0.021955  |490344.300000 |508826  |479031  |
|1398|0.022289  |493524.200000 |503559  |484811  |
|1400|0.021731  |487437.500000 |499600  |475197  |
|1402|0.021848  |492551.700000 |502445  |480622  |
|1404|0.022368  |496648.900000 |508997  |480971  |
|1406|0.021998  |494225.900000 |503335  |474876  |
|1408|0.022300  |494293.800000 |502855  |483546  |
|1410|0.022033  |495649.500000 |507981  |481988  |
|1412|0.022143  |498094.400000 |506087  |485593  |
|1414|0.022520  |502753.300000 |521869  |482093  |
|1416|0.022329  |503552.600000 |522351  |488924  |
|1418|0.022751  |507730.500000 |525656  |493258  |
|1420|0.022352  |502288.300000 |511898  |491405  |
|1422|0.022695  |505846.800000 |524835  |488410  |
|1424|0.023169  |511236.800000 |525798  |493821  |
|1426|0.022697  |511189.400000 |526736  |490221  |
|1428|0.023016  |512059.000000 |519683  |493580  |
|1430|0.022787  |511828.900000 |532618  |495718  |
|1432|0.023014  |515856.700000 |534105  |497474  |
|1434|0.023042  |511550.400000 |525062  |488332  |
|1436|0.022648  |511278.800000 |535218  |497274  |
|1438|0.023419  |518953.600000 |534370  |507364  |
|1440|0.023219  |519318.500000 |535422  |501036  |
|1442|0.023278  |519102.900000 |528834  |501304  |
|1444|0.023659  |524109.800000 |540391  |517625  |
|1446|0.023123  |522955.200000 |536579  |505603  |
|1448|0.023900  |526597.200000 |540922  |505869  |
|1450|0.023543  |529732.400000 |542490  |515885  |
|1452|0.023335  |526022.500000 |534016  |511081  |
|1454|0.023944  |530615.800000 |547913  |515837  |
|1456|0.023774  |533467.800000 |547475  |520000  |
|1458|0.023910  |532811.600000 |538594  |520912  |
|1460|0.023748  |532134.000000 |556452  |517952  |
|1462|0.023770  |534151.500000 |550876  |526469  |
|1464|0.023915  |532476.300000 |547461  |518151  |
|1466|0.023840  |534915.200000 |555929  |520896  |
|1468|0.024142  |537800.600000 |550818  |522163  |
|1470|0.023826  |536572.900000 |542886  |529834  |
|1472|0.025888  |544636.700000 |554321  |531123  |
|1474|0.024553  |545218.300000 |555900  |525486  |
|1476|0.024405  |549270.100000 |562833  |533526  |
|1478|0.025272  |550707.600000 |574378  |532269  |
|1480|0.024488  |547748.800000 |558485  |530589  |
|1482|0.024674  |555234.100000 |564283  |545058  |
|1484|0.024615  |545470.500000 |555941  |537867  |
|1486|0.024749  |552844.100000 |573434  |539378  |
|1488|0.025311  |558103.200000 |575687  |547460  |
|1490|0.024901  |555719.500000 |567215  |546737  |
|1492|0.024861  |554678.500000 |560005  |544098  |
|1494|0.025268  |563318.700000 |584922  |549434  |
|1496|0.025002  |561462.200000 |573903  |547117  |
|1498|0.025275  |563054.700000 |573088  |550179  |
|1500|0.025072  |563618.200000 |572708  |551709  |
|1502|0.025257  |568743.600000 |589120  |547839  |
|1504|0.025828  |571501.800000 |580991  |556373  |
|1506|0.025039  |567642.900000 |578658  |557050  |
|1508|0.025300  |562042.600000 |571774  |548713  |
|1510|0.025661  |569034.000000 |578217  |549654  |
|1512|0.025607  |572675.400000 |586371  |564498  |
|1514|0.025744  |576186.900000 |589149  |556363  |
|1516|0.025583  |575569.300000 |588997  |546781  |
|1518|0.026122  |579165.900000 |600967  |563928  |
|1520|0.025601  |577237.400000 |592865  |552560  |
|1522|0.025593  |576353.800000 |591396  |558552  |
|1524|0.025851  |576306.700000 |594629  |560531  |
|1526|0.027016  |588830.200000 |610669  |575458  |
|1528|0.026281  |586044.000000 |605797  |570967  |
|1530|0.025836  |582613.900000 |595147  |567797  |
|1532|0.025944  |583102.800000 |595617  |564756  |
|1534|0.026272  |583168.400000 |606354  |562157  |
|1536|0.026315  |592234.700000 |604204  |577632  |
|1538|0.026552  |589094.400000 |603219  |578253  |
|1540|0.026792  |594446.500000 |612594  |582261  |
|1542|0.026522  |596122.100000 |618755  |580180  |
|1544|0.027161  |603159.300000 |613187  |591776  |
|1546|0.026809  |599415.100000 |628619  |587596  |
|1548|0.026957  |599678.400000 |613193  |583030  |
|1550|0.026664  |600151.600000 |613667  |587873  |
|1552|0.026967  |608177.000000 |617823  |595633  |
|1554|0.027203  |606973.600000 |623377  |592540  |
|1556|0.031142  |604181.800000 |619104  |588615  |
|1558|0.027325  |606039.800000 |621762  |595241  |
|1560|0.028551  |612797.300000 |626052  |600635  |
|1562|0.027409  |614076.400000 |623733  |596789  |
|1564|0.032345  |614356.700000 |631756  |596923  |
|1566|0.027492  |613205.700000 |632082  |598697  |
|1568|0.027717  |612816.000000 |623378  |596462  |
|1570|0.027447  |612537.000000 |626865  |598898  |
|1572|0.028040  |621047.500000 |632970  |604489  |
|1574|0.028114  |625296.100000 |647671  |607210  |
|1576|0.027969  |624167.900000 |647229  |613199  |
|1578|0.028026  |621520.700000 |637904  |608071  |
|1580|0.027776  |622318.000000 |634982  |610799  |
|1582|0.027819  |624049.400000 |634473  |611607  |
|1584|0.028410  |625781.600000 |647908  |613970  |
|1586|0.027854  |626314.700000 |639246  |607675  |
|1588|0.028357  |628352.700000 |647405  |608436  |
|1590|0.028943  |635262.000000 |648577  |621325  |
|1592|0.028235  |633566.200000 |657748  |618600  |
|1594|0.028630  |636370.000000 |657277  |626497  |
|1596|0.028616  |633742.600000 |653130  |610811  |
|1598|0.028755  |638125.400000 |649970  |625252  |
|1600|0.028252  |636754.500000 |649698  |616513  |
|1602|0.028685  |641402.300000 |660163  |609651  |
|1604|0.028694  |639977.000000 |647481  |630693  |
|1606|0.028800  |647070.200000 |664523  |627904  |
|1608|0.029517  |655650.400000 |667968  |643555  |
|1610|0.028618  |646393.500000 |673326  |627097  |
|1612|0.029026  |653919.100000 |666461  |642132  |
|1614|0.029487  |654069.700000 |673907  |636882  |
|1616|0.029021  |653050.300000 |670503  |631886  |
|1618|0.029647  |659765.900000 |674977  |638978  |
|1620|0.029511  |657683.500000 |666909  |641975  |
|1622|0.029223  |659118.900000 |673050  |641430  |
|1624|0.030090  |663682.700000 |684735  |647181  |
|1626|0.029529  |665031.200000 |682070  |657283  |
|1628|0.029742  |663101.900000 |679831  |651184  |
|1630|0.029633  |665857.500000 |683642  |640454  |
|1632|0.029814  |670062.600000 |679568  |651044  |
|1634|0.030058  |667956.300000 |675469  |653975  |
|1636|0.029804  |671833.800000 |701914  |653505  |
|1638|0.030381  |671771.300000 |689059  |643816  |
|1640|0.030076  |676456.600000 |701680  |652206  |
|1642|0.030034  |676008.300000 |689427  |662627  |
|1644|0.030493  |680536.400000 |694452  |666744  |
|1646|0.031960  |670177.900000 |689871  |653665  |
|1648|0.030039  |674978.100000 |697686  |661914  |
|1650|0.031544  |683555.800000 |706287  |660072  |
|1652|0.030472  |683765.600000 |705036  |668457  |
|1654|0.030923  |684136.600000 |698448  |666113  |
|1656|0.030219  |679693.200000 |705550  |657773  |
|1658|0.030658  |686966.900000 |706486  |669533  |
|1660|0.030887  |689665.000000 |708220  |664595  |
|1662|0.032201  |693766.600000 |711102  |679534  |
|1664|0.031097  |694658.500000 |705196  |681876  |
|1666|0.030911  |698460.400000 |714504  |673096  |
|1668|0.031307  |702210.900000 |725200  |688134  |
|1670|0.031043  |693820.800000 |709791  |678943  |
|1672|0.031292  |695922.300000 |713698  |679480  |
|1674|0.031397  |695154.700000 |711193  |678868  |
|1676|0.032881  |704028.500000 |717429  |694433  |
|1678|0.031135  |700943.900000 |735772  |676880  |
|1680|0.031775  |705521.300000 |720777  |689188  |
|1682|0.031892  |713424.000000 |729926  |705784  |
|1684|0.031890  |715206.200000 |737340  |698830  |
|1686|0.031814  |712605.100000 |728998  |695763  |
|1688|0.031679  |714236.500000 |731438  |701866  |
|1690|0.031943  |712218.500000 |737643  |685405  |
|1692|0.032160  |718646.100000 |738445  |701652  |
|1694|0.032385  |724260.800000 |742221  |705568  |
|1696|0.032045  |719484.400000 |730035  |711940  |
|1698|0.031830  |716529.400000 |737174  |690496  |
|1700|0.032447  |724396.000000 |747504  |699319  |
|1702|0.032412  |726941.000000 |749468  |699889  |
|1704|0.032342  |725331.300000 |746152  |713439  |
|1706|0.032293  |725860.300000 |747305  |705735  |
|1708|0.032702  |733981.200000 |753219  |722633  |
|1710|0.032913  |736424.600000 |748983  |723793  |
|1712|0.032691  |735417.500000 |751965  |723767  |
|1714|0.037993  |738516.200000 |763510  |712778  |
|1716|0.032812  |731634.000000 |748541  |703491  |
|1718|0.035038  |737876.000000 |754026  |724120  |
|1720|0.033982  |736778.500000 |754416  |723826  |
|1722|0.035804  |739601.400000 |754364  |722686  |
|1724|0.033272  |743993.400000 |768555  |723687  |
|1726|0.033524  |747763.300000 |756196  |723581  |
|1728|0.033229  |748676.400000 |759532  |735120  |
|1730|0.034290  |747166.700000 |759614  |729371  |
|1732|0.033341  |748517.200000 |764001  |734010  |
|1734|0.033881  |751944.200000 |770187  |731001  |
|1736|0.033733  |757830.800000 |769046  |742005  |
|1738|0.033550  |755673.300000 |769314  |742467  |
|1740|0.034035  |756972.600000 |770250  |734198  |
|1742|0.034671  |762863.200000 |772737  |746489  |
|1744|0.034145  |759375.900000 |770537  |748466  |
|1746|0.033590  |760535.100000 |768920  |745289  |
|1748|0.034378  |769560.400000 |790065  |761870  |
|1750|0.034752  |780945.700000 |820424  |751859  |
|1752|0.035503  |761941.200000 |777260  |752134  |
|1754|0.034909  |763934.900000 |788116  |748202  |
|1756|0.034360  |769113.100000 |792821  |747306  |
|1758|0.035036  |779110.800000 |808728  |765436  |
|1760|0.034381  |770800.400000 |783918  |749725  |
|1762|0.034624  |776031.200000 |799888  |749971  |
|1764|0.035126  |781981.700000 |806808  |760544  |
|1766|0.034581  |775141.900000 |795954  |740603  |
|1768|0.034903  |779402.400000 |809536  |756212  |
|1770|0.034972  |787480.800000 |803023  |768967  |
|1772|0.034808  |784183.600000 |813877  |763831  |
|1774|0.035910  |784558.000000 |794302  |763309  |
|1776|0.035425  |786235.200000 |807401  |765549  |
|1778|0.035929  |785391.400000 |796295  |771048  |
|1780|0.039074  |789892.700000 |803496  |771798  |
|1782|0.038307  |794755.100000 |820374  |772251  |
|1784|0.037119  |798958.100000 |834727  |777690  |
|1786|0.036766  |801708.100000 |831990  |784580  |
|1788|0.036178  |800255.600000 |820653  |785276  |
|1790|0.042520  |800082.000000 |812467  |783963  |
|1792|0.042140  |805122.500000 |827175  |787776  |
|1794|0.042774  |811458.800000 |837362  |794477  |
|1796|0.054891  |804377.100000 |819025  |785485  |
|1798|0.062367  |812624.600000 |834184  |783971  |
|1800|0.066498  |804284.300000 |831921  |784022  |
|1802|0.063990  |808953.100000 |830412  |788765  |
|1804|0.083619  |814644.300000 |850737  |793857  |
|1806|0.052259  |806520.900000 |824378  |773496  |
|1808|0.043819  |814742.200000 |830184  |792859  |
|1810|0.066456  |815323.700000 |832441  |794953  |
|1812|0.040913  |829607.800000 |853301  |809716  |
|1814|0.041071  |816206.100000 |836532  |799749  |
|1816|0.064320  |827249.500000 |844941  |796304  |
|1818|0.049852  |820778.600000 |837634  |799034  |
|1820|0.039327  |827122.800000 |845245  |810292  |
|1822|0.038452  |824526.400000 |845677  |808813  |
|1824|0.040718  |836518.700000 |857351  |818517  |
|1826|0.043681  |845073.000000 |861123  |815383  |
|1828|0.038783  |833516.100000 |853650  |817310  |
|1830|0.039751  |842731.400000 |857688  |828878  |
|1832|0.039873  |839569.000000 |851636  |830610  |
|1834|0.045108  |841191.600000 |862950  |817921  |
|1836|0.041559  |837949.800000 |850489  |826908  |
|1838|0.044139  |847588.100000 |861735  |836799  |
|1840|0.039182  |845613.800000 |875438  |828075  |
|1842|0.038371  |842001.000000 |859949  |807990  |
|1844|0.039289  |856720.000000 |876149  |835196  |
|1846|0.039864  |847785.900000 |860350  |831782  |
|1848|0.042179  |855625.000000 |870653  |839080  |
|1850|0.051379  |860978.900000 |883979  |830331  |
|1852|0.054261  |863238.400000 |881944  |835304  |
|1854|0.043745  |863929.500000 |891652  |843906  |
|1856|0.044733  |862396.700000 |879001  |849558  |
|1858|0.045197  |866671.200000 |898316  |848094  |
|1860|0.056476  |866913.200000 |896888  |836622  |
|1862|0.061738  |868460.700000 |889971  |843168  |
|1864|0.043186  |868704.700000 |891932  |849225  |
|1866|0.045925  |866555.900000 |880970  |847344  |
|1868|0.042164  |876286.800000 |905249  |852908  |
|1870|0.076592  |879476.800000 |899050  |853997  |
|1872|0.044533  |877731.700000 |892594  |857320  |
|1874|0.045085  |876732.700000 |894665  |864878  |
|1876|0.041772  |882454.700000 |901659  |858090  |
|1878|0.041108  |888171.300000 |899040  |867003  |
|1880|0.041875  |887948.800000 |908712  |868766  |
|1882|0.041407  |883584.300000 |910120  |866583  |
|1884|0.047501  |890323.200000 |920567  |862656  |
|1886|0.042101  |888531.300000 |917658  |867411  |
|1888|0.052669  |887985.700000 |903947  |861825  |
|1890|0.052941  |896573.700000 |917319  |881498  |
|1892|0.043996  |893706.300000 |916699  |877014  |
|1894|0.054209  |892080.800000 |915059  |872277  |
|1896|0.050620  |902338.500000 |932376  |885417  |
|1898|0.053661  |898207.300000 |910351  |885244  |
|1900|0.050852  |903538.700000 |925833  |868061  |
|1902|0.045561  |907258.600000 |929982  |872422  |
|1904|0.051355  |912335.500000 |931683  |882893  |
|1906|0.066358  |913510.300000 |933802  |887914  |
|1908|0.045166  |912998.900000 |933525  |902677  |
|1910|0.043701  |906445.900000 |919806  |888020  |
|1912|0.046403  |919613.900000 |950800  |906994  |
|1914|0.046152  |912669.600000 |942014  |892077  |
|1916|0.045608  |916989.000000 |947512  |891693  |
|1918|0.043651  |911825.700000 |922156  |887750  |
|1920|0.043687  |920367.800000 |939570  |906183  |
|1922|0.044196  |918187.600000 |929977  |900015  |
|1924|0.044381  |927440.600000 |951236  |899025  |
|1926|0.045626  |921772.000000 |940511  |884172  |
|1928|0.045166  |923810.700000 |938323  |903630  |
|1930|0.061746  |931526.100000 |953377  |906070  |
|1932|0.044640  |929167.200000 |943171  |908427  |
|1934|0.046191  |931139.500000 |960259  |908684  |
|1936|0.046303  |944209.500000 |969071  |906739  |
|1938|0.046739  |934886.300000 |955593  |921770  |
|1940|0.056970  |941837.500000 |968835  |915252  |
|1942|0.055271  |947450.000000 |966805  |930527  |
|1944|0.070027  |952259.700000 |963719  |931575  |
|1946|0.044964  |957921.700000 |978822  |929668  |
|1948|0.047410  |949404.600000 |963309  |934169  |
|1950|0.045544  |954339.600000 |970004  |932716  |
|1952|0.056831  |956827.200000 |995687  |927285  |
|1954|0.077699  |956538.800000 |984268  |936387  |
|1956|0.048269  |956395.200000 |978841  |935189  |
|1958|0.044090  |959898.800000 |973680  |938561  |
|1960|0.043499  |959831.000000 |983510  |930629  |
|1962|0.044027  |963419.700000 |980122  |946717  |
|1964|0.045593  |967655.400000 |990421  |950738  |
|1966|0.045460  |964819.300000 |979152  |952552  |
|1968|0.046700  |969481.400000 |988424  |955058  |
|1970|0.049562  |968234.900000 |981856  |951269  |
|1972|0.048020  |972972.600000 |991016  |950477  |
|1974|0.048980  |974449.200000 |984685  |959854  |
|1976|0.048440  |973719.100000 |987334  |951481  |
|1978|0.053272  |986751.900000 |1001548 |968415  |
|1980|0.047990  |978707.800000 |994457  |955075  |
|1982|0.050495  |988384.800000 |1016389 |951435  |
|1984|0.048294  |978077.700000 |999778  |958666  |
|1986|0.046118  |994043.000000 |1015917 |976293  |
|1988|0.049071  |992958.600000 |1016186 |972194  |
|1990|0.046346  |992366.900000 |1009957 |969438  |
|1992|0.048465  |996563.900000 |1015715 |968966  |
|1994|0.048170  |988807.600000 |1031969 |955490  |
|1996|0.048972  |994266.300000 |1002980 |979582  |
|1998|0.049404  |991941.800000 |1013155 |965704  |
|2000|0.048322  |1004663.300000|1025535 |988649  |
|2002|0.047966  |998614.100000 |1029471 |978939  |
|2004|0.046714  |1006555.900000|1036982 |983505  |
|2006|0.047813  |1003449.100000|1022734 |984700  |
|2008|0.048058  |1019783.300000|1047432 |973540  |
|2010|0.047170  |1007453.000000|1030537 |979817  |
|2012|0.048516  |1008197.000000|1023364 |993609  |
|2014|0.053105  |1018255.500000|1048956 |991344  |
|2016|0.049244  |1023686.200000|1047842 |1003000 |
|2018|0.053021  |1023886.400000|1053164 |1006332 |
|2020|0.053341  |1019900.600000|1029164 |1007794 |
|2022|0.053691  |1025004.000000|1042421 |1000014 |
|2024|0.052141  |1023847.700000|1047657 |1004779 |
|2026|0.053952  |1028934.300000|1046796 |1014838 |
|2028|0.052738  |1034412.500000|1053588 |1002814 |
|2030|0.055594  |1032372.200000|1063502 |1004985 |
|2032|0.051991  |1035141.000000|1058709 |1019270 |
|2034|0.057349  |1033003.000000|1057624 |1005604 |
|2036|0.054521  |1034297.700000|1059227 |1012478 |
|2038|0.055843  |1030846.900000|1052418 |1001918 |
|2040|0.057423  |1040582.600000|1068745 |1011290 |
|2042|0.055919  |1041629.200000|1061118 |1022969 |
|2044|0.053209  |1052871.100000|1080610 |1024288 |
|2046|0.055914  |1052055.900000|1073234 |1028511 |
|2048|0.051704  |1056824.300000|1080371 |1028534 |
|2050|0.051117  |1055713.800000|1071985 |1037124 |
|2052|0.096808  |1042778.000000|1087543 |1015314 |
|2054|0.092975  |1053197.500000|1084874 |1020491 |
|2056|0.070682  |1064763.800000|1085573 |1043480 |
|2058|0.066488  |1056310.100000|1072525 |1035811 |
|2060|0.054425  |1062318.600000|1086621 |1045422 |
|2062|0.055574  |1062753.500000|1087231 |1029573 |
|2064|0.053545  |1061082.600000|1092346 |1029864 |
|2066|0.054337  |1072161.200000|1104522 |1054878 |
|2068|0.054461  |1066902.600000|1085485 |1039914 |
|2070|0.054127  |1064224.200000|1083911 |1034732 |
|2072|0.056496  |1079480.800000|1094523 |1049655 |
|2074|0.054763  |1073556.400000|1106631 |1050956 |
|2076|0.054813  |1079806.300000|1096859 |1055174 |
|2078|0.054419  |1079299.100000|1106334 |1057332 |
|2080|0.053591  |1078058.000000|1101959 |1045553 |
|2082|0.054953  |1082099.600000|1117595 |1055626 |
|2084|0.054349  |1084544.300000|1112900 |1048137 |
|2086|0.054467  |1080139.500000|1104773 |1054476 |
|2088|0.054490  |1093599.200000|1113344 |1060472 |
|2090|0.055966  |1096573.000000|1111855 |1084624 |
|2092|0.054785  |1095656.300000|1115952 |1072481 |
|2094|0.055936  |1098196.400000|1114437 |1078354 |
|2096|0.056370  |1101896.400000|1113187 |1091990 |
|2098|0.056007  |1112046.500000|1134553 |1059267 |
|2100|0.055442  |1103616.000000|1133454 |1078899 |
|2102|0.058698  |1111852.300000|1133734 |1076059 |
|2104|0.057303  |1107164.300000|1139622 |1072662 |
|2106|0.055941  |1107599.000000|1128508 |1081200 |
|2108|0.057595  |1112886.300000|1139957 |1090501 |
|2110|0.057733  |1109054.200000|1132009 |1066429 |
|2112|0.057998  |1118053.300000|1146940 |1086661 |
|2114|0.055957  |1114972.400000|1135864 |1088337 |
|2116|0.055112  |1116268.400000|1152327 |1082990 |
|2118|0.056897  |1130538.100000|1166679 |1099419 |
|2120|0.056226  |1123507.100000|1143444 |1112443 |
|2122|0.055784  |1132221.300000|1166944 |1118587 |
|2124|0.056687  |1126277.500000|1148580 |1105809 |
|2126|0.056435  |1137821.700000|1154678 |1118755 |
|2128|0.057518  |1139295.000000|1155357 |1118497 |
|2130|0.058760  |1137197.800000|1154960 |1109966 |
|2132|0.058624  |1143382.400000|1168901 |1117699 |
|2134|0.056958  |1137961.500000|1156833 |1127124 |
|2136|0.056983  |1147058.000000|1169645 |1105579 |
|2138|0.057170  |1149576.100000|1185038 |1119225 |
|2140|0.063932  |1152125.100000|1180659 |1123865 |
|2142|0.064327  |1145398.500000|1181103 |1113257 |
|2144|0.058745  |1153996.800000|1180567 |1134598 |
|2146|0.059462  |1155627.800000|1180218 |1140314 |
|2148|0.059072  |1154206.300000|1178532 |1116116 |
|2150|0.058127  |1158926.000000|1177203 |1139523 |
|2152|0.058963  |1164662.800000|1192996 |1140638 |
|2154|0.058357  |1166637.500000|1188780 |1140573 |
|2156|0.058227  |1160115.900000|1184999 |1138743 |
|2158|0.061461  |1166874.200000|1218270 |1141643 |
|2160|0.058304  |1164736.500000|1193676 |1125856 |
|2162|0.059333  |1170634.600000|1189412 |1144685 |
|2164|0.058387  |1174741.500000|1203613 |1158749 |
|2166|0.058960  |1181724.200000|1200200 |1156142 |
|2168|0.059887  |1176611.800000|1198285 |1151923 |
|2170|0.059662  |1184288.500000|1194127 |1163441 |
|2172|0.059155  |1175673.700000|1206726 |1154984 |
|2174|0.058869  |1183958.700000|1222737 |1162916 |
|2176|0.059696  |1195875.600000|1237289 |1164128 |
|2178|0.059392  |1184974.100000|1214792 |1155472 |
|2180|0.059896  |1196485.300000|1222273 |1167467 |
|2182|0.060001  |1189882.300000|1212647 |1155560 |
|2184|0.060181  |1191557.500000|1209424 |1169092 |
|2186|0.062103  |1189731.100000|1221391 |1165512 |
|2188|0.059815  |1194748.400000|1224885 |1180702 |
|2190|0.060992  |1197071.900000|1214232 |1179718 |
|2192|0.060186  |1191785.800000|1220071 |1157100 |
|2194|0.061982  |1204296.900000|1225540 |1174069 |
|2196|0.059900  |1199376.300000|1225500 |1175880 |
|2198|0.061634  |1209516.100000|1249392 |1185037 |
|2200|0.059681  |1211091.500000|1235176 |1199350 |
|2202|0.061868  |1223002.600000|1240706 |1186414 |
|2204|0.060889  |1218471.700000|1258538 |1180351 |
|2206|0.062425  |1214581.800000|1245475 |1198406 |
|2208|0.061337  |1218409.300000|1241324 |1179738 |
|2210|0.061325  |1218913.700000|1247478 |1200461 |
|2212|0.061975  |1223382.800000|1238077 |1209527 |
|2214|0.061156  |1217993.000000|1247361 |1172480 |
|2216|0.061335  |1227110.100000|1258811 |1198241 |
|2218|0.062734  |1237721.600000|1261518 |1211809 |
|2220|0.062844  |1240805.700000|1268909 |1211545 |
|2222|0.066536  |1237108.400000|1267470 |1212689 |
|2224|0.068497  |1234642.100000|1281960 |1206936 |
|2226|0.064526  |1250018.000000|1272231 |1235668 |
|2228|0.065478  |1245059.500000|1274897 |1215203 |
|2230|0.064595  |1245993.500000|1276985 |1222368 |
|2232|0.064229  |1248291.400000|1265083 |1225192 |
|2234|0.065118  |1246657.600000|1290192 |1219967 |
|2236|0.063367  |1254469.200000|1288373 |1230716 |
|2238|0.062598  |1250528.800000|1283492 |1222183 |
|2240|0.062457  |1257240.900000|1286867 |1239924 |
|2242|0.062653  |1265072.700000|1295280 |1232116 |
|2244|0.061977  |1249253.000000|1267166 |1235548 |
|2246|0.063071  |1264050.600000|1290352 |1234155 |
|2248|0.062959  |1265662.600000|1310118 |1243604 |
|2250|0.063484  |1270407.200000|1293992 |1238783 |
|2252|0.063148  |1269029.700000|1287449 |1241145 |
|2254|0.063598  |1264796.400000|1292764 |1241098 |
|2256|0.063350  |1269189.300000|1299065 |1243820 |
|2258|0.063226  |1279081.100000|1301938 |1257043 |
|2260|0.063631  |1265658.500000|1323484 |1215588 |
|2262|0.063670  |1279146.500000|1305260 |1259584 |
|2264|0.064056  |1278732.200000|1302662 |1246295 |
|2266|0.067975  |1285505.500000|1321126 |1263174 |
|2268|0.064420  |1286851.300000|1311029 |1267134 |
|2270|0.064208  |1292640.900000|1328772 |1242873 |
|2272|0.065543  |1301649.800000|1321135 |1279471 |
|2274|0.065581  |1297859.300000|1327666 |1267449 |
|2276|0.064682  |1289328.100000|1326170 |1253200 |
|2278|0.065667  |1308568.100000|1344295 |1279970 |
|2280|0.066711  |1300759.900000|1326985 |1269763 |
|2282|0.065134  |1307112.200000|1323484 |1265841 |
|2284|0.064526  |1294198.800000|1330342 |1272942 |
|2286|0.065303  |1310102.200000|1338901 |1281554 |
|2288|0.068439  |1310614.200000|1321024 |1288671 |
|2290|0.066150  |1314472.000000|1349187 |1290720 |
|2292|0.065466  |1316489.800000|1355191 |1295774 |
|2294|0.065779  |1315293.600000|1331333 |1290759 |
|2296|0.065499  |1313372.900000|1346211 |1296928 |
|2298|0.071286  |1323022.100000|1342598 |1285694 |
|2300|0.074307  |1330910.300000|1363090 |1297950 |
|2302|0.065644  |1326906.900000|1361094 |1295442 |
|2304|0.066144  |1331494.200000|1347580 |1317878 |
|2306|0.067395  |1337023.100000|1353071 |1320519 |
|2308|0.066447  |1325107.500000|1368601 |1280243 |
|2310|0.066773  |1332975.000000|1362090 |1301701 |
|2312|0.067223  |1337684.300000|1355723 |1314133 |
|2314|0.066294  |1344319.100000|1392675 |1313081 |
|2316|0.066582  |1339398.100000|1368774 |1306751 |
|2318|0.067082  |1337401.300000|1353933 |1301783 |
|2320|0.066662  |1345251.900000|1391029 |1313381 |
|2322|0.066849  |1347361.900000|1392372 |1321992 |
|2324|0.067126  |1343716.500000|1362365 |1332824 |
|2326|0.067880  |1355143.000000|1378711 |1339819 |
|2328|0.066511  |1353244.500000|1387111 |1338895 |
|2330|0.067567  |1366349.300000|1394989 |1345029 |
|2332|0.067873  |1359542.500000|1386179 |1321375 |
|2334|0.067275  |1354888.900000|1379789 |1317437 |
|2336|0.067205  |1356703.200000|1380380 |1334731 |
|2338|0.068619  |1368433.300000|1382889 |1331487 |
|2340|0.071590  |1362272.100000|1392599 |1328326 |
|2342|0.069867  |1372804.600000|1406252 |1343211 |
|2344|0.068881  |1370991.600000|1405721 |1338778 |
|2346|0.068262  |1376888.200000|1396776 |1355571 |
|2348|0.067901  |1377418.600000|1398077 |1350440 |
|2350|0.068688  |1380075.900000|1403509 |1347816 |
|2352|0.068558  |1391758.500000|1412051 |1370546 |
|2354|0.068117  |1376893.100000|1405909 |1327813 |
|2356|0.070038  |1405559.000000|1440826 |1378091 |
|2358|0.070558  |1387932.300000|1422684 |1339559 |
|2360|0.072800  |1396877.300000|1430866 |1373346 |
|2362|0.069640  |1389990.900000|1410535 |1367340 |
|2364|0.069570  |1406626.800000|1425487 |1382255 |
|2366|0.069739  |1406618.900000|1465924 |1371741 |
|2368|0.069571  |1404298.500000|1430336 |1353351 |
|2370|0.075247  |1406835.400000|1440070 |1387047 |
|2372|0.071380  |1410532.500000|1442516 |1370500 |
|2374|0.075565  |1416694.100000|1442556 |1386271 |
|2376|0.070712  |1415927.900000|1457309 |1367324 |
|2378|0.070417  |1417138.200000|1447063 |1389709 |
|2380|0.070174  |1417207.600000|1430279 |1398996 |
|2382|0.070144  |1423489.400000|1447422 |1386402 |
|2384|0.070804  |1430375.500000|1460238 |1391337 |
|2386|0.071302  |1428006.400000|1463387 |1406901 |
|2388|0.071247  |1427494.700000|1462597 |1403162 |
|2390|0.077907  |1438947.800000|1459610 |1406419 |
|2392|0.073159  |1434972.000000|1465687 |1402509 |
|2394|0.074541  |1431771.600000|1473988 |1386557 |
|2396|0.076272  |1441740.600000|1478974 |1414185 |
|2398|0.076480  |1438741.100000|1454025 |1405076 |
|2400|0.076971  |1445176.000000|1477178 |1409900 |
|2402|0.079124  |1446348.400000|1467411 |1430116 |
|2404|0.073602  |1445832.700000|1478342 |1422184 |
|2406|0.073075  |1452333.000000|1479149 |1433782 |
|2408|0.077380  |1455476.300000|1466931 |1441378 |
|2410|0.075246  |1455385.400000|1482521 |1422770 |
|2412|0.075490  |1451996.300000|1480718 |1420972 |
|2414|0.077824  |1455262.900000|1487658 |1426878 |
|2416|0.074014  |1463445.500000|1484137 |1411587 |
|2418|0.073198  |1466860.600000|1490696 |1450655 |
|2420|0.074625  |1466834.400000|1491842 |1441971 |
|2422|0.075831  |1466042.900000|1491400 |1449856 |
|2424|0.077190  |1475370.800000|1521610 |1454855 |
|2426|0.075405  |1466239.200000|1490786 |1427742 |
|2428|0.074826  |1481287.800000|1503628 |1441262 |
|2430|0.073643  |1482071.100000|1504567 |1460486 |
|2432|0.073676  |1478428.600000|1506114 |1451914 |
|2434|0.073860  |1481860.100000|1502121 |1448523 |
|2436|0.073808  |1487923.100000|1531863 |1457630 |
|2438|0.081467  |1495420.700000|1532963 |1444943 |
|2440|0.079088  |1496774.100000|1519238 |1471886 |
|2442|0.074295  |1494764.900000|1519688 |1470187 |
|2444|0.076154  |1502283.500000|1545209 |1478391 |
|2446|0.076411  |1494844.200000|1513335 |1475737 |
|2448|0.074698  |1498099.100000|1518755 |1460612 |
|2450|0.076702  |1502819.500000|1523127 |1486189 |
|2452|0.074081  |1505892.500000|1524336 |1488986 |
|2454|0.075177  |1511619.900000|1538671 |1475696 |
|2456|0.074248  |1504862.200000|1539015 |1484437 |
|2458|0.074080  |1515614.200000|1559395 |1451700 |
|2460|0.076186  |1512975.200000|1538644 |1482757 |
|2462|0.075666  |1521582.900000|1546154 |1503727 |
|2464|0.075368  |1516011.900000|1544944 |1481297 |
|2466|0.075595  |1529132.500000|1589081 |1490221 |
|2468|0.077133  |1528577.200000|1545778 |1505378 |
|2470|0.075878  |1524322.100000|1564291 |1476549 |
|2472|0.076812  |1524266.400000|1565233 |1500244 |
|2474|0.079493  |1535633.900000|1569454 |1513931 |
|2476|0.078742  |1531416.200000|1560032 |1511599 |
|2478|0.077402  |1546293.000000|1586090 |1515024 |
|2480|0.078632  |1545276.600000|1565399 |1511718 |
|2482|0.077763  |1541552.000000|1570595 |1501561 |
|2484|0.079134  |1546183.600000|1585650 |1516493 |
|2486|0.077009  |1551352.700000|1592950 |1513354 |
|2488|0.077371  |1545873.600000|1582896 |1523020 |
|2490|0.078893  |1556414.400000|1591564 |1515307 |
|2492|0.078905  |1564810.000000|1604589 |1529382 |
|2494|0.077777  |1556073.500000|1587102 |1530140 |
|2496|0.078089  |1558003.400000|1587184 |1541150 |
|2498|0.077077  |1570958.000000|1596196 |1528051 |
|2500|0.077207  |1556036.200000|1588265 |1531571 |
¯¯¯¯¯¯¯¯¯¯¯¯¯¯¯¯¯¯¯¯¯¯¯¯¯¯¯¯¯¯¯¯¯¯¯¯¯¯¯¯¯¯¯¯¯¯¯¯¯¯
