      1 PID
      1 1
      1 2
      1 3
      1 4
      1 6
      1 7
      1 8
      1 9
      1 10
      1 11
      1 12
      1 13
      1 14
      1 15
      1 16
      1 17
      1 18
      1 20
      1 21
      1 22
      1 23
      1 24
      1 26
      1 27
      1 28
      1 29
      1 30
      1 31
      1 32
      1 33
      1 34
      1 35
      1 36
      1 37
      1 38
      1 39
      1 40
      1 41
      1 42
      1 43
      1 44
      1 45
      1 47
      1 48
      1 49
      1 51
      1 52
      1 53
      1 54
      1 55
      1 59
      1 60
      1 61
      1 150
      1 151
      1 152
      1 153
      1 154
      1 156
      1 167
      1 186
      1 233
      1 234
      1 235
      1 236
      1 238
      1 240
      1 259
      1 261
      1 262
      1 263
      1 303
      1 324
      1 348
      1 354
      1 363
      1 367
      1 369
      1 370
      1 373
      1 374
      1 375
      1 376
      1 379
      1 382
      1 388
      1 389
      1 397
      1 398
      1 399
      1 403
      1 420
      1 433
      1 434
      1 435
      1 437
      1 438
      1 439
      1 452
      1 736
      1 738
      1 847
      1 848
      1 855
      1 859
      1 862
      1 914
      1 915
      1 916
      1 917
      1 919
      1 922
      1 925
      1 926
      1 929
      1 930
      1 932
      1 933
      1 939
      1 958
      1 968
      1 994
      1 1006
      1 1010
      1 1021
      1 1025
      1 1026
      1 1040
      1 1044
      1 1046
      1 1099
      1 1110
      1 1209
      1 1212
      1 1217
      1 1227
      1 1232
      1 1234
      1 1251
      1 1257
      1 1278
      1 1279
      1 1286
      1 1297
      1 1301
      1 1303
      1 1307
      1 1310
      1 1320
      1 1324
      1 1332
      1 1341
      1 1346
      1 1353
      1 1357
      1 1361
      1 1365
      1 1370
      1 1374
      1 1378
      1 1379
      1 1385
      1 1387
      1 1397
      1 1401
      1 1402
      1 1409
      1 1412
      1 1413
      1 1414
      1 1417
      1 1420
      1 1423
      1 1426
      1 1431
      1 1435
      1 1453
      1 1470
      1 1498
      1 1499
      1 1514
      1 1519
      1 1523
      1 1540
      1 1543
      1 1546
      1 1557
      1 1568
      1 1589
      1 1597
      1 1603
      1 1604
      1 1607
      1 1608
      1 1611
      1 1631
      1 1634
      1 1700
      1 1721
      1 1882
      1 1883
      1 1885
      1 1903
      1 1931
      1 2058
      1 2061
      1 2082
      1 2766
      1 2832
      1 2908
      1 2995
      1 3008
      1 3133
      1 3135
      1 3170
      1 3179
      1 3225
      1 3243
      1 3244
      1 3289
      1 3290
      1 3318
      1 3359
      1 3460
      1 3477
      1 3553
      1 3578
      1 3594
      1 3663
      1 3726
      1 3730
      1 3784
      1 3785
      1 3786
